0.058799 12
0.000202 2
0.001461 130
21.718021 1
0.758929 1
0.119646 1
0.184843 1
0.114281 1
0.373030 2
0.014083 11
0.000875 130
1.235007 1
0.230436 1
0.506494 1
0.295403 2
0.354693 2
0.000277 90
0.000067 2
0.000069 2
0.000085 44
0.000061 2
0.000073 40
0.000059 2
0.000074 36
0.000058 2
0.000072 40
0.000058 2
0.000071 45
0.000082 2
0.000088 39
0.000058 2
0.000071 46
0.000058 2
0.000071 58
0.000058 2
0.000067 2
0.000076 32
0.000057 2
0.000067 2
0.036839 130
1.539397 1
0.272418 1
0.193442 1
0.509146 1
0.351276 84
1.476987 1
0.225384 1
0.078089 1
0.104474 1
0.128620 1
0.135352 13
0.001414 82
0.781819 1
0.102670 1
0.159445 1
0.549494 1
0.125244 1
0.277716 1
0.416597 1
0.580535 1
0.684169 1
0.112616 1
0.130733 1
0.321557 1
0.487341 1
0.157533 1
0.420310 1
0.234818 1
0.176231 2
0.001999 54
0.000181 7
0.000059 7
0.000057 6
0.000597 26
0.000127 140
0.000073 19
0.000038 32
0.000047 38
0.000033 12
8.412865 660
1.694921 18
0.310910 18
0.222018 18
0.243361 18
7.604417 463
0.848435 470
1.065989 148
20.139149 1
0.209854 1
0.215315 1
5.759670 1
0.286582 1
0.353881 1
0.175134 1
0.247130 1
0.515125 4
0.182182 4
0.184302 4
0.155101 4
0.619347 1
0.234013 1
0.502574 1
0.146884 1
0.274565 1
0.326032 1
0.758756 1
0.147023 1
2.576355 1
2.169046 1
0.210463 1
0.170454 1
0.164366 1
0.173957 1
0.178119 1
0.170398 1
0.176452 1
0.182260 1
0.248729 1
0.574324 25
0.424532 3
0.503795 3
0.031893 3
0.043330 3
0.021260 3
0.025948 3
0.030959 3
0.032053 3
0.030126 3
0.635221 3
0.464945 28
0.260639 1
0.424962 1
0.515279 31
0.866286 1
0.299063 1
0.319013 1
0.627761 1
0.156138 1
0.157905 1
0.334310 1
1.413220 1
0.241957 1
0.481547 1
0.422500 1
0.529157 42
0.001496 95
0.000345 1923
7.550757 1
11.985522 1
1.027698 1
6.557484 41
4.235747 1
0.377126 1
1.315851 171
5.162035 135
3.973750 1
1.002276 1
0.073207 28
0.866324 1
0.212999 1
1.305399 29
0.203831 1
0.803697 171
7.102134 135
7.140181 28
0.674560 1
0.248561 1
2.118669 37
0.001000 2
0.000097 2
0.000064 66
0.000250 8
0.000126 56
5.609308 135
4.268288 1
3.108195 28
1.326584 1
2.000849 152
3.296932 1
0.132955 1
0.114487 2
0.002979 155
0.000772 2
0.000255 140
0.000428 2
0.000080 131
0.000055 2
0.000615 82
9.594415 1
0.072803 1
0.186675 1
0.609177 1
0.141298 1
0.835735 1
0.174392 1
0.903221 1
0.251612 1
0.254009 1
0.690890 1
0.816196 1
0.157542 1
0.810237 1
0.234109 1
0.596628 1
0.675158 4
0.202714 4
0.160347 4
0.593934 1
0.295832 1
0.361788 4
0.225632 4
0.233577 1
0.503413 1
0.254993 1
0.452641 1
0.860267 1
0.135926 1
0.146032 1
0.322947 1
0.661770 1
0.150558 1
0.360235 1
0.375904 1
0.159884 2
0.003052 54
0.000808 7
0.000113 7
0.000057 6
0.000315 1
0.000159 29
0.000078 80
0.000061 14
0.001306 3
0.000061 96
0.000034 6
0.000132 6
0.000059 216
0.001410 204
0.000330 4
0.000033 14
0.000033 12
4.142501 463
2.693150 28
3.008752 470
0.532682 148
1.842657 25
0.206339 30
0.591282 25
0.426929 1
0.488876 1
0.034818 1
0.030179 1
0.034044 1
0.030031 1
0.032611 1
0.023636 1
0.030609 1
0.031293 1
0.029629 1
0.030410 1
0.037605 1
0.028975 1
0.027627 1
0.027010 1
0.029453 1
0.032347 1
0.029606 1
0.031758 1
0.672367 41
0.818361 42
0.006238 80
0.021559 547
1.643017 2
0.496656 2
0.037605 2
0.017190 2
0.041756 2
0.019763 2
0.038366 2
0.032316 2
0.030354 2
0.031687 2
0.030039 2
0.026734 2
0.571438 2
0.333005 2
0.297275 2
4.903983 1
0.071651 41
0.671330 1
0.274355 70
0.000393 82
17.880328 24
13.129277 4
0.502611 4
0.031693 4
0.034537 4
0.029886 4
0.032038 4
0.028321 4
0.029573 4
0.030089 4
0.030368 4
0.030355 4
0.032266 4
0.030125 4
0.031701 4
0.029838 4
0.030635 4
0.231114 4
0.203451 4
0.181982 4
0.168595 4
0.185225 4
1.235316 1
0.808839 1
0.390644 1
0.160831 1
0.214171 1
1.113363 1
1.284286 1
0.139530 1
0.487621 1
0.137578 1
0.168564 1
0.242819 1
1.383553 1
0.200385 1
0.165734 1
0.175322 1
0.175200 1
0.306740 11
0.104832 3
0.213618 3
0.190744 3
0.217648 3
0.175450 3
0.765447 1
0.227242 1
0.449998 1
0.285788 1
0.166593 2
0.002636 8
0.000815 32
0.000913 92
0.000251 1923
12.760430 42
0.417236 1
0.424956 152
1.275070 20
0.304301 1
0.513430 1
0.022845 1
0.029707 1
0.033464 1
0.026291 1
0.035878 1
0.024258 1
0.030897 1
0.036561 1
0.029407 1
0.035783 1
0.021376 1
0.029319 1
0.045961 1
0.020826 1
0.046833 1
0.501900 35
0.502783 2
0.001006 8
0.000663 32
0.000878 93
0.000337 1923
2.371918 1
0.518012 1
0.950133 1
1.180835 1
2.829056 41
0.422565 1
0.171922 152
2.804986 1
0.581059 1
0.495750 1
0.715514 1
0.225366 1
0.251203 1
0.107259 1
0.700374 1
0.294046 157
3.194615 8
0.334185 1
0.491910 1
0.029373 1
0.028516 1
0.031510 1
1.787377 11
0.596528 168
8.389792 1
0.186678 1
0.328301 4
0.393924 1
70.313940 1
0.456828 1
1.999941 1
0.521138 1
1.279089 1
1.223732 1
0.371435 1
0.221980 1
0.889203 1
0.436911 1
0.233641 1
0.180206 1
0.930738 1
0.689928 4
0.288134 1
0.225811 1
0.275853 1
0.517849 1
0.419985 1
0.145524 1
0.152056 1
0.415134 1
1.161833 1
0.217738 1
0.613784 1
0.299536 1
0.269086 2
0.365565 40
0.000160 2
0.030230 82
2.132071 26
0.267572 1
0.495599 1
0.030247 1
0.034836 1
0.030109 1
0.032675 1
0.033821 1
0.031250 1
0.031075 1
0.031784 1
0.029464 1
0.028310 1
0.032826 1
0.031347 1
0.029033 1
0.031685 1
0.028851 1
0.030314 1
0.030281 1
0.029530 1
0.032235 1
0.029067 1
0.344086 1
0.163898 1
0.459136 5
0.186074 5
0.367655 140
0.000391 82
7.919056 24
0.562941 1
0.502311 1
0.036647 1
0.025208 1
0.028406 1
0.031630 1
0.029147 1
0.031493 1
0.030934 1
0.032373 1
0.031022 1
0.026084 1
0.031201 1
0.032606 1
0.029618 1
0.036309 1
0.031230 1
0.293000 1
0.232569 1
0.488431 43
0.245177 1
1.114193 41
0.964106 2
0.007251 82
1.565170 24
1.477244 1
0.204635 1
0.154577 1
0.841917 4
0.083191 1
0.114008 1
0.710287 1
0.100309 1
0.371067 1
0.281780 1
0.200366 2
0.001575 82
2.589075 1
0.396507 1
0.169507 1
0.215229 1
0.178512 1
0.629555 1
0.577370 1
0.664975 1
0.168826 1
0.654661 1
0.483650 1
2.737953 1
0.384066 1
0.297351 1
0.194838 1
0.999981 1
0.134393 1
0.264316 1
0.498650 1
0.489485 1
0.145273 1
0.141629 1
0.228014 1
0.652029 1
0.258991 1
0.237597 1
0.596500 1
0.729020 2
0.001499 82
0.748360 1
0.413991 1
0.900861 1
0.550877 1
0.115219 1
0.235952 1
0.993537 1
0.985666 1
0.186284 1
0.570402 1
0.150631 1
0.203819 1
0.236511 1
0.189815 1
0.182979 1
1.078993 1
0.170500 1
0.312590 1
0.500535 1
0.139665 1
0.197872 1
0.520348 2
0.020058 82
3.842455 1
0.436425 1
1.567113 1
0.243612 1
0.550461 1
0.254375 1
0.223841 1
0.371417 1
0.176754 1
0.272588 1
1.428934 1
0.165135 1
0.209398 1
0.305744 24
0.000389 82
24.491268 1
0.256382 1
0.646970 1
1.087621 1
0.187679 1
0.422502 1
0.143313 1
0.161928 1
0.297431 1
0.283577 1
0.233363 1
0.957542 1
0.080922 1
0.154962 1
0.194716 1
0.166822 1
0.161727 1
0.230980 1
0.200539 15
0.104140 3
0.226225 3
0.165850 3
0.199275 3
0.181377 3
0.188512 3
0.232324 3
0.257153 1
0.323898 1
0.245092 2
0.002622 8
0.001299 32
0.005532 82
0.000922 813
0.025214 112
5.693340 555
5.455476 1
2.788289 1
0.731306 3
0.950089 3
0.785311 28
0.495253 1
0.200310 59
2.159049 41
0.855240 1
0.384188 59
1.890180 41
0.446122 1
0.428791 152
3.537285 1
0.314909 1
0.564524 1
0.712565 1
0.618684 1
0.229123 1
0.294599 1
0.114717 1
0.734422 1
1.996336 1
0.232965 1
0.341071 4
0.134103 1
0.435314 1
0.550861 1
0.595809 1
0.677240 1
0.126894 1
1.026308 4
0.608216 1
0.214789 1
1.100748 1
0.507662 4
0.567126 1
0.417249 1
0.409535 1
0.275675 1
0.222431 2
0.002739 8
0.000248 32
0.002292 77
0.004439 25
0.000197 522
2.325928 42
0.539734 1
0.180789 152
50.426673 1
0.218453 1
0.214356 1
0.146548 1
0.189560 1
0.166543 1
0.280282 1
0.151483 1
0.155889 1
0.074675 1
0.255667 100
1.012841 1
0.187353 1
0.118913 1
0.136168 1
0.113018 1
0.078489 13
0.000449 98
1.892087 1
0.865533 4
0.280610 1
0.503774 1
0.198659 1
0.564158 1
0.367901 2
0.235764 2
0.000231 90
0.000060 2
0.000066 2
0.000082 45
0.000055 2
0.000070 36
0.000055 2
0.000069 39
0.000055 2
0.000231 44
0.000058 2
0.000071 40
0.000055 2
0.000068 46
0.000055 2
0.000068 40
0.000054 2
0.000068 58
0.000057 2
0.000039 2
0.000046 32
0.000029 2
0.000038 2
0.031043 98
1.006678 3
0.208779 1
0.236667 1
0.221189 3
0.164113 3
0.394811 84
1.121228 1
0.207247 1
0.071455 1
0.115535 1
0.120716 1
0.154590 13
0.000380 82
0.519172 1
0.213017 1
0.137749 1
0.332410 1
0.230613 1
0.120827 1
0.228450 1
0.368911 1
0.143730 1
0.114778 1
0.477917 100
2.763360 1
0.178328 1
0.331740 1
0.277666 1
0.279641 1
1.345614 1
0.437787 1
0.314258 1
0.353033 1
0.365269 1
0.673856 1
0.625441 1
0.513331 1
18.271873 2
0.001267 98
1.555712 1
0.270622 1
0.577703 84
3.859810 1
0.123692 1
2.114524 1
0.685971 1
1.241493 1
0.543396 1
0.302440 1
0.190152 1
0.233806 1
0.520861 1
0.466073 1
0.141396 1
1.516966 1
0.507582 1
0.221106 1
0.293231 1
0.458230 1
0.163401 1
0.416831 1
0.326203 1
0.711307 2
0.000314 27
0.000062 2
0.000527 82
2.332185 1
0.149061 1
0.141623 1
0.211977 1
0.189655 1
0.916789 1
0.807813 1
0.342289 1
0.347324 1
0.358074 1
0.136275 1
0.202420 1
0.174756 1
0.136989 1
0.121593 1
1.748037 1
0.425552 1
0.456256 1
0.268209 1
0.259240 1
0.216665 1
0.469263 1
0.292727 1
0.292430 2
0.001467 29
0.000133 2
0.000572 82
3.856779 1
0.151516 1
0.114612 1
0.163194 1
0.401164 1
0.368010 714
0.000447 82
9.383202 1
0.217131 1
0.144144 1
0.189317 1
0.396306 1
0.160057 1
0.195101 1
0.200005 1
0.171434 1
0.096992 1
0.283316 100
2.799256 1
0.154624 1
0.279232 1
0.197973 1
0.714878 1
0.337861 2
0.001530 57
0.000571 2
0.000642 98
29.542605 1
0.154609 1
0.078403 1
0.159089 1
0.277542 1
0.904505 13
0.000513 98
0.451466 1
0.270041 1
0.367711 1
0.228405 1
0.276930 1
0.250292 1
0.808837 1
0.262096 1
0.231175 1
1.122082 4
0.157601 1
0.316972 1
0.362404 1
0.119639 1
0.143752 1
0.230349 1
1.373662 1
0.162492 1
0.408410 1
0.356690 1
0.183122 2
0.330221 2
0.000697 93
0.000066 2
0.000066 2
0.000082 53
0.000055 2
0.000067 56
0.000054 2
0.000062 2
0.000103 32
0.000054 2
0.000061 2
0.044653 98
1.911426 18
0.706951 4
0.501203 4
0.030458 4
0.032203 4
0.033790 4
0.030628 4
0.029051 4
0.028117 4
0.029684 4
0.038181 4
0.025285 4
0.029386 4
0.031602 4
0.030219 4
0.031323 4
0.031593 4
0.028795 4
0.032449 4
0.038728 1
0.025914 1
0.029314 1
0.030731 1
0.030388 1
0.021321 1
0.312646 1
0.088195 1
0.111123 1
0.118176 1
0.150172 13
0.000490 98
0.403370 5
0.207688 1
0.743998 22
0.297722 1
0.499356 1
0.032884 1
0.032757 1
0.029506 1
0.033203 1
0.025738 1
0.029938 1
0.032283 1
0.044023 1
0.015093 1
0.031505 1
0.029437 1
0.031527 1
0.030841 1
0.032057 1
0.027976 1
0.040346 1
0.029699 1
0.032547 1
0.031378 1
0.123935 3
0.548890 5
0.445761 5
0.536959 2
0.037629 98
1.760291 18
2.306968 4
0.182536 4
0.351371 4
0.334093 1
0.239295 1
0.239578 1
1.472658 4
3.028076 1
0.355874 2
0.008894 98
161.598378 1
0.235254 1
0.284394 1
0.248727 1
0.293758 1
0.932183 4
1.310580 1
0.657885 1
0.340602 1
0.134852 1
0.241425 1
0.201369 1
0.712214 4
0.198974 1
0.324902 1
0.214858 1
1.291934 1
0.203811 1
0.432453 1
0.345092 1
0.644432 2
0.008332 98
1.995952 1
0.255980 1
3.636320 1
0.311695 1
0.231662 1
0.172687 1
0.296432 1
0.956147 1
0.263122 1
0.421013 1
0.371912 1
0.158703 1
0.291251 1
0.256636 1
0.458964 1
24.476292 4
0.483772 4
0.030314 4
0.029775 4
0.029013 4
0.031116 4
0.043070 4
0.015943 4
0.029605 4
0.030081 4
0.029873 4
0.030705 4
0.029321 4
0.028795 1
0.029052 1
0.030964 1
0.030297 1
0.029840 1
0.030691 1
0.028588 1
0.030182 1
0.029851 1
0.029568 1
0.029944 1
0.028527 1
0.029282 1
0.031328 1
0.030083 1
0.030879 1
0.029186 1
1.690931 1
0.581773 1
0.162406 1
0.250200 1
0.247406 1
0.820264 1
0.572465 1
0.253929 1
0.294476 1
0.405318 1
0.475676 1
0.173794 1
0.276302 1
0.298086 1
0.281333 1
0.332039 1
0.169016 1
0.338532 1
0.271532 1
0.181204 1
0.913665 2
0.237486 34
2.565901 2
0.392118 98
25.650406 1
0.804037 1
0.551813 1
0.507838 1
0.251436 1
0.295265 1
0.317240 1
0.309756 1
0.484438 1
0.491454 1
0.196887 1
3.992666 1
0.464145 1
0.635241 1
0.481980 1
0.185020 1
0.449775 1
0.306785 1
1.202905 1
0.589497 1
0.499686 1
0.498817 1
0.152498 1
0.235646 1
0.213362 1
0.532417 1
0.383858 1
0.359387 1
0.314376 1
0.694613 2
0.169999 98
7.658022 29
2.751151 4
0.498965 4
0.034079 4
0.030486 4
0.032064 4
0.030494 4
0.035035 4
0.024177 4
0.031907 4
0.031118 4
0.201995 4
0.190634 4
0.193748 4
0.165718 4
0.500027 4
0.030832 4
0.033874 4
0.028025 4
0.028982 4
0.154274 4
0.191637 4
0.165769 4
0.167881 4
0.345340 4
0.246809 1
0.212876 1
0.740983 1
0.287446 1
0.446251 1
2.200975 1
0.302586 1
0.153324 1
0.160667 1
0.336256 1
0.301443 1
0.193425 1
0.249675 1
0.526949 4
0.175896 4
0.193683 1
0.860879 1
0.288214 1
0.182209 1
0.132315 1
0.280666 1
1.771179 2
1.443654 98
0.967652 1
0.576459 1
0.157998 1
0.191735 1
0.261602 1
0.935636 1
0.511646 1
1.880147 1
0.220248 1
0.397431 1
0.965902 1
0.459802 1
0.254305 1
0.205879 1
0.167083 1
0.332398 1
0.187684 1
0.127736 1
0.252767 1
0.780880 1
0.408784 1
0.154990 1
0.235386 1
0.201382 1
0.187861 1
0.201078 1
0.476594 1
0.220717 1
0.355006 1
0.292734 1
1.194453 2
0.050117 98
18.511441 1
0.179681 1
0.247757 1
0.186822 1
0.275602 1
0.217642 2
0.018529 131
0.000386 98
6.535835 1
1.078938 4
0.266835 1
34.727153 1
0.460138 1
0.195131 1
0.237719 1
0.305461 1
0.471143 1
0.240185 1
0.185375 1
0.271199 1
0.258372 1
0.315003 1
0.087985 1
0.335557 1
0.775972 1
0.542352 1
0.136326 1
0.179971 1
0.209277 1
0.263754 1
0.318218 2
0.034013 4
0.000322 2
0.000075 42
0.007519 2
0.002549 98
1.651652 19
0.330309 1
0.501182 1
0.031748 1
0.034805 1
0.028884 1
0.028574 1
0.032194 1
0.029117 1
0.034188 1
0.036606 1
0.260365 1
0.651341 5
0.526384 2
0.450282 98
2.430086 1
0.346056 1
0.191632 1
0.437437 1
0.343929 84
1.266828 1
0.290542 1
0.468410 4
0.229372 4
0.162031 1
0.103430 1
0.168216 1
0.158692 1
0.131450 1
0.160822 1
0.097825 2
0.001090 11
0.000676 82
1.372043 1
0.296134 1
0.510874 1
0.256693 1
0.489552 1
2.014109 1
0.727988 1
0.257306 1
0.287310 1
0.194158 1
0.209882 1
0.195705 1
0.361380 1
0.224891 1
0.545888 1
0.279779 1
0.309596 2
0.031051 82
2.342113 1
0.778788 1
0.169556 1
0.263689 1
0.101262 1
0.270854 1
0.185625 1
0.336909 1
0.181896 1
0.311283 1
0.222312 1
0.182015 1
0.561293 1
0.306820 1
0.382469 1
0.361325 1
0.186723 1
0.182526 1
0.288950 1
0.214992 1
0.413340 2
0.428187 82
4.510079 1
0.678032 1
0.170815 1
0.220744 1
0.458610 1
0.595336 1
0.312425 1
0.271167 1
0.197868 1
0.279329 1
0.725335 1
0.280260 1
0.300047 1
0.367567 1
0.154885 1
0.184745 1
0.255448 1
0.182787 1
0.740519 1
0.485826 1
0.194207 1
0.223135 1
0.170335 1
0.214291 1
0.359063 1
0.859714 1
0.211030 1
0.534393 1
0.281519 1
0.453126 4
0.186950 4
0.139699 4
0.397623 1
0.494784 1
0.286864 1
0.215962 2
0.054404 82
3.374396 29
0.231173 43
0.235314 40
0.267618 24
0.365811 11
0.314932 24
0.790713 49
0.450652 27
0.366391 35
0.583134 46
1.402767 2
0.108562 65
0.001573 82
39.295468 1
0.802621 1
0.148790 1
0.229608 1
0.133835 1
0.193323 1
0.235663 1
0.462766 1
0.238639 1
0.184771 1
0.189233 1
0.856250 1
0.818931 4
0.553294 1
0.247179 1
0.187503 1
1.938617 7
0.782119 3
0.217807 3
0.175605 3
0.670970 1
0.156051 1
0.829253 1
0.278479 1
0.209095 1
0.191879 1
0.278378 1
0.162875 1
0.116343 1
0.307827 1
0.266318 2
0.185619 82
1.169913 22
0.209287 42
2.820828 2
0.120459 82
0.774547 22
0.902012 42
0.767084 42
0.218262 41
0.205823 43
0.397002 40
0.364369 24
0.354033 11
0.316567 24
0.525381 49
0.401792 27
0.417186 35
1.827938 2
0.064738 82
78.103420 1
0.163675 1
0.097806 1
0.117883 1
0.252127 1
0.906450 13
0.000246 82
1.069916 1
0.266630 1
0.340159 1
0.491427 1
0.247400 1
0.196919 2
0.002625 13
0.003169 2
0.000265 77
0.000061 2
0.000066 62
0.000055 2
0.000062 91
0.000054 2
0.000099 61
0.000042 2
0.000050 59
0.000088 2
0.000171 128
0.000071 2
0.000046 63
0.000032 2
0.000040 56
0.000029 2
0.000036 104
0.000029 2
0.000036 71
0.000029 2
0.000035 74
0.000029 2
0.000037 82
0.000029 2
0.000035 80
0.000029 2
0.000035 86
0.000029 2
0.000035 76
0.000028 2
0.000036 90
0.000034 2
0.000044 88
0.000039 2
0.000035 78
0.000108 2
0.000600 82
49.397484 1
0.203081 1
0.153371 1
0.488767 4
0.096350 1
0.141278 1
0.287601 1
0.181164 2
0.051332 11
0.000619 82
0.662908 1
0.550691 1
0.312836 1
0.201116 1
0.134067 1
1.131490 1
0.358995 1
0.264737 1
0.278374 1
0.160250 1
0.550511 1
0.751157 1
1.325056 1
1.263467 1
0.561567 1
0.156351 1
0.457750 1
0.125388 1
0.211265 1
0.189496 1
0.215478 1
0.229081 1
1.125777 1
0.240812 1
0.357611 1
0.371213 1
0.200079 2
0.060080 82
1.076792 1
1.164101 25
0.286518 1
0.243591 1
0.196348 1
0.271907 1
0.297137 1
0.244044 1
0.220870 1
0.261853 1
0.304041 1
0.202075 1
0.168805 1
0.808453 27
0.199241 27
0.194537 27
0.387037 27
0.548967 23
1.074986 23
0.590207 23
0.285995 23
0.611272 23
2.526840 2
0.052387 82
20.661245 1
0.225116 1
0.093819 1
0.117531 1
0.128395 1
0.150928 2
0.001118 11
0.000470 82
1.262349 1
0.294081 1
0.218977 1
1.506813 1
0.128593 1
0.484090 90
2.412703 5
0.558253 1
0.406564 1
0.443203 1
1.640503 101
20.673811 8
0.535991 6
1.077730 1
0.500310 1
0.159807 1
0.469125 1
0.565714 4
0.275456 1
0.160731 1
0.230635 2
0.049876 82
1.356635 10
0.545311 10
0.325555 6
0.287591 3
11.622808 102
21.191028 1
0.293175 1
0.629431 1
0.275041 1
0.452353 1
0.392725 4
0.602372 1
0.906016 1
0.237902 1
0.184962 1
0.411085 1
0.261660 1
0.320787 1
0.675937 1
0.338159 1
0.205151 2
0.006422 82
0.523533 13
0.264559 1
0.189173 1
0.214874 1
0.398701 1
0.838586 13
0.206764 13
0.146337 13
0.188144 9
0.183364 9
0.184786 9
0.249727 2
0.008958 82
0.445051 13
0.256037 1
0.183945 1
0.170994 1
0.146866 1
0.535492 13
0.184356 13
0.152823 13
0.184618 9
0.191575 9
0.182952 9
0.456364 2
0.006733 82
0.464090 13
0.289135 1
0.216289 1
0.149611 1
0.166909 1
0.167195 1
0.428587 3
0.313933 13
0.221001 13
0.161854 13
0.124320 9
0.197435 9
0.181391 9
0.525559 2
0.004752 82
0.787700 1
0.391206 1
0.314563 1
0.309620 1
0.511565 1
0.477683 1
0.814835 1
0.258388 1
0.209603 1
0.217454 1
0.809961 1
0.632581 1
0.536219 1
0.174062 1
0.242456 1
0.207083 1
0.195291 1
0.180239 1
0.798699 1
0.191146 1
0.547661 1
0.428934 1
1.215568 2
0.050367 82
0.522289 22
0.318619 1
0.437010 1
0.205120 1
0.187783 1
0.970987 13
0.188433 13
0.176963 13
0.193369 9
0.146639 9
0.187742 9
0.151533 1
0.212765 1
0.174458 1
0.159830 1
0.621696 21
0.164338 21
0.185937 21
0.934455 17
0.260794 17
0.176835 17
0.541104 2
0.051372 82
0.401507 22
1.457178 1
0.192034 1
0.186106 1
0.182398 1
0.496140 13
0.193914 13
0.137544 13
0.289169 9
0.194782 9
0.167151 9
0.188925 1
0.197471 1
3.133764 1
0.198033 1
0.627869 21
0.206005 21
0.251149 21
0.288039 17
0.299388 17
0.182226 17
1.532523 2
0.036971 82
0.900793 22
0.489559 1
0.210908 1
0.189042 1
0.236469 1
0.245336 1
0.196172 1
0.209222 1
0.439081 1
0.516522 21
0.164556 17
0.362616 2
0.065309 82
1.274007 22
0.239121 1
0.181217 1
0.176326 1
0.173158 1
0.175468 1
0.165528 1
0.181364 1
0.176219 1
0.447578 21
0.178613 21
0.141663 21
0.115161 17
0.505218 17
0.105670 17
2.889840 3
0.229653 3
0.214581 3
0.230837 3
0.615453 13
0.191643 13
0.171679 13
0.222938 9
0.194614 9
0.171888 9
0.873468 2
0.077773 82
0.847656 1
0.151611 1
0.277104 1
0.156770 1
0.269544 1
0.575556 1771
0.004845 82
60.301148 1
1.082968 1
0.129121 1
0.125112 1
0.270267 1
0.521614 13
0.000793 82
0.756287 1
0.374798 1
0.149597 1
0.212774 1
0.264310 1
0.853481 1
0.454169 1
0.298173 1
0.217096 1
0.117238 1
1.785241 1
0.572530 1
0.802258 1
1.192983 1
0.236077 1
0.580566 1
0.447994 1
0.744615 1
0.958490 1
1.089344 1
0.344643 1
0.516247 1
1.658688 1
0.318941 1
1.099693 1
0.174144 1
0.537266 4
0.145343 1
0.287879 1
0.329072 1
0.771402 1
0.274798 1
0.192023 1
0.435659 1
0.336584 1
0.202898 1
0.390260 1
0.249890 1
0.226364 2
0.071121 82
1.519822 36
0.415557 1
0.499751 1
0.031258 1
0.031187 1
0.031381 1
0.031851 1
0.030311 1
0.028053 1
0.033668 1
0.051128 1
0.020067 1
0.028439 1
0.025194 1
0.031539 1
0.334068 1
0.529162 1
0.215229 1
0.173347 1
0.165450 1
0.215313 1
0.738862 5
0.531490 3
0.294081 3
0.228907 3
0.245862 3
0.253356 3
0.310621 3
0.450459 5
0.153494 5
1.098691 3
0.238766 3
0.215894 3
0.191347 3
0.195262 3
1.262393 3
0.249560 3
0.173787 3
0.198127 3
0.233035 3
0.427800 13
0.186605 13
0.133461 13
0.141080 9
0.190261 9
0.164608 9
0.264263 2
0.085328 82
0.363807 33
0.498468 1
0.479309 1
0.036458 1
0.037897 1
0.028534 1
0.032907 1
0.031339 1
0.020868 1
0.046631 1
0.023082 1
0.029028 1
0.032023 1
0.031349 1
14.840619 1
0.206177 1
0.577679 5
0.263879 5
0.907592 5
0.165317 5
0.511899 3
0.219276 3
0.188386 3
0.200532 3
0.459827 5
0.560186 5
0.450936 2
0.045022 82
23.625435 33
0.510373 1
0.263772 1
0.194178 1
0.188021 1
0.428764 13
0.162486 13
0.152598 13
0.116742 9
0.168641 9
0.214201 9
0.193318 1
0.491551 1
0.030266 1
0.032431 1
0.030351 1
0.031689 1
0.028109 1
0.031357 1
0.030864 1
0.031999 1
0.029235 1
0.163223 1
0.183583 1
0.204938 1
0.455319 5
0.175161 5
0.119218 5
0.959920 5
0.400529 3
0.263561 3
0.200181 3
0.232724 3
0.437337 1
0.651089 5
0.448232 5
0.490844 3
0.290331 5
0.253502 5
0.341402 3
0.262990 3
1.415821 3
0.319578 3
0.211580 3
0.193602 3
0.466568 21
0.169110 21
2.058468 2
0.066897 82
0.619492 33
0.562714 1
0.499786 1
0.031538 1
0.032942 1
0.031147 1
0.028111 1
0.044758 1
0.024741 1
0.023322 1
0.029591 1
0.032889 1
0.040315 1
0.023564 1
0.031046 1
0.031095 1
0.030612 1
0.035553 1
0.344043 1
0.467019 5
0.833691 3
0.225708 3
0.515220 3
0.369079 5
0.767748 5
0.462334 3
0.499613 3
0.030893 3
0.032853 3
0.029712 3
0.030839 3
0.030576 3
0.031453 3
0.731230 1
0.596440 21
0.121292 17
0.347734 3
0.245237 3
0.206316 3
0.219733 3
0.490180 13
0.222132 13
0.150797 13
0.121495 9
0.185277 9
0.167010 9
1.383218 2
0.051234 82
0.820593 1
0.330082 4
0.203042 1
0.145976 1
0.139884 1
0.136162 1
0.240508 1
0.330463 2
0.002248 13
0.001715 2
0.000289 75
0.000064 2
0.000069 71
0.000059 2
0.000067 71
0.000063 2
0.000040 71
0.000032 2
0.000039 73
0.000032 2
0.000084 62
0.000036 2
0.000039 91
0.000031 2
0.000039 61
0.000031 2
0.000039 59
0.000031 2
0.000041 128
0.000031 2
0.000039 63
0.000031 2
0.000040 56
0.000046 2
0.000040 104
0.000030 2
0.000038 71
0.000031 2
0.000037 74
0.000032 2
0.000039 82
0.000034 2
0.000040 80
0.000031 2
0.000038 86
0.000031 2
0.000070 76
0.000033 2
0.000038 90
0.000031 2
0.000044 88
0.000030 2
0.000038 78
0.000031 2
0.000554 82
60.862648 1
0.292339 1
0.151790 1
0.212266 1
0.203132 1
0.215661 13
0.000907 82
45.102415 1
0.197688 1
0.554408 1
1.753697 1
0.455749 1
0.383955 1
0.386298 1
0.996753 2
0.633958 43
0.000218 2
0.082083 82
1.028189 1
0.236570 1
0.302771 1
0.182645 1
0.332404 1
0.896297 1
0.586652 1
0.162950 1
0.662066 1
0.168282 1
0.330614 1
0.714051 4
0.145413 1
0.435244 1
0.470318 1
0.816901 2
0.013584 82
0.555682 13
0.264108 1
0.194084 1
0.173846 1
0.164524 1
0.388546 13
0.201495 13
0.240467 13
0.591472 9
0.157155 9
0.148325 9
0.285366 2
0.004880 82
0.731587 13
0.261624 1
0.189825 1
0.228481 1
0.189077 1
0.500084 13
0.168510 13
0.159947 13
0.596326 9
0.174627 9
0.154123 9
1.121275 2
0.007975 82
1.536774 1
0.385905 1
0.144922 1
0.271417 1
0.534138 1
0.697358 1
0.327699 1
0.227593 1
0.339598 1
0.259379 1
0.441889 1
0.466905 1
0.216049 1
0.234947 1
0.670986 1
0.417119 1
0.201784 1
0.701565 1
0.503281 1
0.145357 1
0.431859 1
0.401708 1
1.341196 2
0.052589 82
0.533391 22
0.263678 1
0.498974 1
0.032432 1
0.030461 1
0.038293 1
0.021156 1
0.031638 1
0.184525 1
0.352508 1
0.505214 3
0.501601 21
0.204650 21
0.144723 21
0.535893 17
0.309654 17
0.282610 17
0.165852 3
0.211170 3
0.172456 3
0.165418 3
0.380472 13
0.189305 13
0.150717 13
0.589332 9
0.187341 9
0.161283 9
1.026514 2
0.054697 82
0.384839 22
0.319056 1
0.607822 1
0.191555 1
0.191667 1
0.197392 1
0.178657 1
0.199581 1
0.164983 1
0.714930 21
0.155642 21
0.084990 17
0.201264 17
0.737576 21
0.078913 17
0.294793 3
0.256598 3
0.186186 3
0.184097 3
0.460583 13
0.169682 13
0.151320 13
0.668124 9
0.169189 9
0.162965 9
0.909482 2
0.069802 82
0.727076 1
0.157324 1
0.190815 1
0.172920 1
0.283933 1
0.193213 167
0.002158 71
0.000102 2
0.000062 71
0.000045 2
0.000049 71
0.000047 2
0.000030 71
0.000023 2
0.000028 71
0.000023 2
0.000028 73
0.000023 2
0.000031 62
0.000022 2
0.000028 91
0.000024 2
0.000066 61
0.000031 2
0.000108 59
0.000033 2
0.000041 128
0.000031 2
0.000040 63
0.000030 2
0.000036 56
0.000028 2
0.000036 104
0.000029 2
0.000035 71
0.000028 2
0.000035 74
0.000029 2
0.000035 82
0.000034 2
0.000060 80
0.000023 2
0.000029 86
0.000022 2
0.000028 76
0.000022 2
0.000028 90
0.000023 2
0.000035 88
0.000056 2
0.000042 78
0.000094 2
0.000586 82
30.881362 1
0.138319 1
0.133873 1
0.142313 1
0.149063 1
0.159634 2
0.170884 11
0.000941 82
1.157265 1
0.284257 1
0.323502 1
0.141152 1
0.285464 1
0.740350 1
0.586265 1
0.187595 1
0.151549 1
0.616068 1
0.177671 1
0.383405 1
0.241616 1
0.090584 1
0.662372 2
0.009181 82
1.656773 14
0.905309 4
1.101027 4
0.500322 4
0.030122 4
0.035975 4
0.031795 4
0.026394 4
0.033223 4
0.029058 4
0.028231 4
0.030219 4
0.030899 4
0.030302 4
0.031548 4
0.032174 1
0.028079 1
0.032328 1
0.034601 1
0.030703 1
0.026132 1
0.353803 1
0.096144 1
0.134873 1
0.611805 1
2.056076 4
0.202090 4
0.184644 4
0.179328 4
0.177647 4
0.153991 1
0.065557 1
0.349646 1
3.370949 1
0.587571 1
0.363499 9
1.535004 4
0.487984 4
0.031268 4
0.031629 4
0.031158 4
0.029042 1
0.034473 1
0.029914 1
0.030981 1
0.028302 1
0.030870 1
0.029805 1
0.030291 1
0.034464 1
0.369009 1
0.218620 1
0.863791 1
0.181525 1
0.169820 1
1.008372 1
0.219003 1
0.360871 1
0.298171 1
0.227788 1
0.269958 2
0.005217 82
1.564916 1
0.199897 1
0.093255 1
0.134925 1
0.154308 1
0.139370 13
0.000783 82
0.428533 5
0.297669 16
0.306643 19
0.825341 9
0.559909 10
0.473304 27
0.709909 30
0.218871 10
0.179930 13
0.362827 15
0.987438 4
0.485783 2
0.001977 4
0.001275 45
0.000316 56
0.003552 2
0.000744 82
2.473304 10
0.338728 1
0.474788 1
0.033671 1
0.037037 1
0.027262 1
0.186946 1
0.253040 1
0.212139 1
0.498251 21
0.215217 21
0.201213 1
0.821349 17
0.245630 17
0.289390 17
0.192840 17
0.177114 17
0.518458 2
0.004950 82
1.625091 1
0.178467 1
0.395816 1
0.178071 1
0.213995 1
0.228402 2
0.055435 13
0.000192 2
0.003754 75
0.000138 2
0.000075 71
0.000063 2
0.000070 71
0.000321 2
0.000076 71
0.000111 2
0.000075 71
0.000061 2
0.000068 71
0.000060 2
0.000069 71
0.000172 2
0.000073 59
0.000061 2
0.000069 73
0.000061 2
0.000070 62
0.000061 2
0.000519 91
0.000091 2
0.000047 61
0.000060 2
0.000055 59
0.000058 2
0.000045 128
0.000060 2
0.000043 63
0.000554 909
0.001152 82
25.237593 1
0.190522 1
0.256946 1
0.168047 1
0.188868 1
0.182205 13
0.001957 82
1.248300 1
0.249644 1
0.170333 1
0.224513 1
1.384170 1
0.137866 1
0.316490 1
0.524581 4
0.950457 1
0.155817 1
0.317539 1
0.170523 1
0.176628 2
0.018481 82
1.431906 1
0.163722 1
0.210306 1
0.402727 4
0.143374 1
0.141516 1
0.594760 1
0.389978 2
0.003185 13
0.000138 2
0.000152 75
0.000078 2
0.000050 71
0.000046 2
0.000274 71
0.000067 2
0.000074 71
0.000069 2
0.000042 71
0.000033 2
0.000038 71
0.000030 2
0.000037 71
0.000032 2
0.000043 59
0.000031 2
0.000036 73
0.000029 2
0.000037 62
0.000029 2
0.000039 91
0.000031 2
0.000120 61
0.000033 2
0.001080 59
0.000043 2
0.000039 128
0.000030 2
0.000037 63
0.000029 2
0.000036 56
0.000029 2
0.000036 104
0.000029 2
0.000035 71
0.000030 2
0.000035 74
0.000030 2
0.000060 82
0.000022 2
0.000029 80
0.000022 2
0.000028 86
0.000023 2
0.000028 76
0.000022 2
0.000028 90
0.000022 2
0.000168 88
0.000031 2
0.000038 78
0.001489 2
0.000744 82
128.163326 1
0.262848 1
0.096772 1
0.124462 1
0.187025 1
0.135723 13
0.001222 82
0.774647 1
0.248114 1
0.193954 1
0.259095 1
0.519798 1
0.398642 1
0.495937 1
0.295288 1
0.198946 101
18.466340 1
0.321439 1
0.108381 1
0.271305 1
0.756976 1
0.217968 1
0.580285 1
0.209931 1
0.443248 1
0.472092 1
0.139056 1
0.245179 1
0.216856 1
0.222217 1
0.461842 1
0.172276 1
0.664213 1
0.376442 1
0.146598 1
0.446471 1
0.233566 1
0.187488 1
0.250188 1
0.525843 1
0.443859 1
0.241241 1
0.182714 1
0.351319 1
0.227856 1
0.243659 1
0.865483 1
0.225940 1
0.475548 1
0.402691 4
0.421232 4
0.283191 1
0.481250 1
0.241852 1
0.477292 1
0.724926 1
0.184506 1
0.194458 1
0.351689 1
0.244133 1
0.388316 4
0.091082 1
0.360562 1
0.309145 1
0.295808 1
0.906292 1
0.197248 1
0.174171 1
0.607957 1
0.300163 1
0.507119 1
0.294637 1
1.061030 1
1.152651 1
0.291059 1
0.320265 3
0.999905 1
0.285349 1
0.429599 1
0.594957 1
0.257001 1
0.630316 1
0.340966 1
0.402075 1
0.850335 1
0.203834 1
0.427724 1
0.453741 1
0.189449 1
0.693222 1
0.138370 1
0.240516 1
0.189095 1
0.229190 1
0.236415 1
0.414130 1
0.154893 1
0.454399 1
0.343662 1
0.625303 1
0.737998 1
0.264410 1
0.789383 4
0.093168 1
0.287296 1
0.673879 1
0.179031 1
0.188800 1
0.332239 1
3.187366 1
0.248490 1
0.009822 1
1.381027 4
0.596466 1
0.376890 1
0.675369 1
11.176530 1
0.402923 1
0.123002 1
1.478474 1
0.188637 1
0.428249 1
0.280207 1
0.228964 2
0.039828 106
5.462592 108
2.027012 108
0.461201 111
0.764205 191
20.864538 1
0.593340 1
0.731291 1
0.439488 1
0.127437 1
0.748902 1
0.700918 1
0.434486 1
3.362302 1
0.623811 1
8.628046 1
0.631586 1
0.789600 4
0.351116 1
0.151524 1
0.446840 2
0.023159 7
0.000167 44
0.000225 30
0.000067 2
0.000550 82
21.954679 13
0.250808 1
0.241830 1
0.500267 1
0.032193 1
0.032046 1
0.029741 1
0.317448 1
1.196496 15
0.362187 19
0.249863 15
0.870340 19
0.475749 15
0.642678 15
0.317708 15
0.242909 2
0.000850 42
0.000170 2
0.000245 115
0.000059 2
0.000520 82
4.387434 16
0.523567 1
0.503960 1
0.031534 1
0.035558 1
0.029428 1
0.027177 1
1.157037 1
0.243270 1
0.165296 1
0.204247 1
0.183246 1
0.519124 5
0.196422 5
0.354769 5
0.557188 119
3.409479 165
2.185609 13
0.587166 119
2.618274 165
2.062764 1
0.344036 1
0.154789 1
0.236806 1
0.249605 1
1.667014 1
0.687180 1
0.195392 1
0.435407 1
0.432490 1
0.796193 1
0.251656 1
0.314456 1
0.114480 1
0.288738 1
0.799270 1
0.361784 1
0.187969 1
0.467351 2
0.049203 82
25.240719 1
0.205154 1
0.128194 1
0.154572 1
0.170780 1
0.170284 13
0.018553 82
0.922678 1
0.110452 1
0.146826 1
0.221817 1
0.367011 1
0.362030 618
0.000917 82
11.690784 1
0.597236 1
0.104273 1
0.596724 1
0.530203 1
0.148926 1
0.178355 1
0.501359 2
0.005586 82
1.062611 1
0.786779 1
0.499332 1
0.901662 1
0.192141 1
0.172752 1
0.383519 1
0.136231 1
0.138577 1
0.424937 1
1.275266 1
0.529478 1
0.258992 1
0.232930 1
0.390308 2
0.007199 82
1.459037 14
0.190734 19
0.418871 16
0.443116 559
0.001111 82
48.349748 1
0.197903 1
0.092557 1
0.131828 1
0.179022 1
0.114912 2
0.000360 11
0.000551 82
0.491124 5
0.780809 10
0.503695 2
0.000255 146
0.000071 2
0.000030 118
0.000024 2
0.000031 124
0.000024 2
0.000595 82
5.652674 1
0.392906 1
0.138193 1
0.372641 1
0.773761 4
0.199555 4
0.167986 4
0.174088 4
0.154082 1
20.576031 1
0.141211 1
0.186465 1
0.146073 1
0.157625 1
0.129649 13
0.000678 82
0.778438 5
0.238162 10
0.452919 311
0.002350 82
13.921638 1
0.220483 1
0.580330 1
0.720705 1
0.552503 1
1.753773 1
0.153617 1
0.923306 2
0.012345 14
0.001321 2
0.000278 67
0.000061 2
0.000067 64
0.000070 2
0.000067 62
0.000064 2
0.000079 61
0.000067 2
0.000207 56
0.000074 2
0.000080 68
0.000069 2
0.000081 69
0.000089 2
0.000051 66
0.000035 2
0.000047 59
0.000034 2
0.000045 68
0.000039 2
0.000044 71
0.000035 2
0.000044 68
0.000048 2
0.000222 70
0.000052 2
0.000056 57
0.000033 2
0.000046 65
0.000033 2
0.000045 74
0.000044 2
0.000045 72
0.000034 2
0.000043 80
0.000042 2
0.000041 78
0.000031 2
0.000044 84
0.000035 2
0.000044 74
0.000034 2
0.000045 88
0.000104 2
0.000106 86
0.000032 2
0.000037 76
0.000030 2
0.000644 82
75.563051 1
0.398084 1
0.105218 1
0.163563 1
0.170148 1
0.135881 13
0.000475 82
0.715035 1
0.168423 1
0.348502 1
1.011491 1
0.686749 1
0.560165 4
0.202679 4
0.273802 1
0.262549 1
0.378868 2
0.002016 13
0.001011 2
0.000266 72
0.000073 2
0.000062 69
0.000101 2
0.000089 77
0.000068 2
0.000202 75
0.000091 2
0.000045 81
0.000040 2
0.000066 71
0.000026 2
0.000033 85
0.000027 2
0.000040 83
0.000028 2
0.000033 73
0.000026 2
0.000789 82
15.422934 1
0.294774 1
0.462303 2
0.563926 14
2.029593 2
0.638600 74
0.500682 8
0.518845 53
0.791994 4
0.498528 4
0.031116 4
0.031917 4
0.034551 4
0.028601 4
0.031479 4
0.031126 4
0.031757 4
0.032990 4
0.026272 4
0.030106 4
0.031928 4
0.029897 4
0.031082 4
0.030525 4
0.028856 4
0.031658 4
0.030313 4
0.031983 4
0.031019 4
0.033290 4
0.029932 4
0.029557 4
0.033524 4
0.030549 4
0.030439 4
0.031168 4
0.031112 1
0.034617 1
0.033753 1
0.031045 1
0.030929 1
0.029076 1
0.031156 1
0.030051 1
0.029987 1
0.031272 1
0.030210 1
0.030846 1
0.033010 1
0.030599 1
0.030916 1
0.034555 1
0.028318 1
0.032617 1
0.032771 1
0.171966 1
0.483334 1
1.230160 1
0.556549 1
0.653100 4
0.199998 4
0.160089 4
0.327625 1
0.154574 1
0.142514 1
0.153938 1
0.228290 1
0.309542 2
0.002276 13
0.000499 2
0.000158 72
0.000308 2
0.000092 69
0.000065 2
0.000044 77
0.000406 2
0.000043 75
0.000024 2
0.000031 81
0.000026 2
0.000169 71
0.000028 2
0.000033 85
0.000027 2
0.000041 83
0.001260 2
0.000102 73
0.000033 2
0.000662 74
37.574032 1
0.325418 1
0.172856 1
0.166830 1
0.168695 8
0.004054 82
1.222287 1
0.132978 1
0.171541 1
0.150744 1
0.150866 1
0.153547 2
0.002176 11
0.002314 82
0.428435 1
0.434402 1
0.175495 1
0.282293 1
0.762219 1
0.569863 1
0.486061 1
0.261362 1
0.219354 1
0.451107 1
0.462587 1
0.661305 1
0.170740 1
0.285757 1
1.095483 1
0.535902 1
0.354682 1
0.381562 1
1.048846 1
0.662622 1
0.949971 1
0.167219 1
0.222853 1
0.287374 1
0.897760 1
0.680748 1
0.401215 1
0.599139 1
0.592701 1
0.182082 1
0.166172 1
0.570789 2
0.023290 15
0.000160 2
0.000835 15
0.000104 2
0.000540 16
0.000079 2
0.000082 11
0.000058 2
0.000075 15
0.000056 2
0.009978 13
0.001302 2
0.001206 14
0.000295 2
0.002112 13
0.000209 2
0.000207 13
0.000064 2
0.001720 19
0.000158 2
0.000748 15
0.000092 2
0.009652 82
25.397566 1
0.278401 1
0.193262 1
0.250850 1
0.294004 8
